0.105566 -0.031501 0.196007 -0.033875 0.167195 0.262746 0.001150 0.099812 -0.024888 0.033270 -0.119974 0.062483 -0.187574 -0.121259 0.016864 -0.003626 0.002538 -0.016238 -0.015507 0.042158
-0.009298 0.090410 0.087028 0.140156 0.036952 -0.061028 0.271635 -0.056133 -0.042561 0.174556 -0.061239 -0.084500 -0.056080 -0.213661 0.113159 -0.031438 0.303043 0.048017 -0.078063 0.100860
0.106708 -0.031046 0.194539 -0.010565 0.183884 0.223938 -0.007151 0.093542 -0.086293 0.026215 -0.132068 0.072132 -0.191794 -0.067411 0.041583 -0.017423 0.011639 -0.048523 0.059290 0.076405
-0.007270 0.103654 0.056680 0.097690 0.053367 -0.081974 0.246692 -0.058980 -0.061756 0.189191 -0.050352 -0.044405 0.017674 -0.128583 0.096843 -0.032560 0.258061 -0.011128 -0.054236 0.068756
0.107530 -0.029475 0.187528 0.014970 0.202576 0.188772 -0.022067 0.077989 -0.149767 0.011200 -0.129555 0.077427 -0.167941 -0.020740 0.068414 0.012441 0.022364 -0.051207 0.127478 0.079189
-0.005361 0.116564 0.026827 0.051702 0.068439 -0.097396 0.222950 -0.060137 -0.055040 0.196864 -0.028118 -0.000803 0.106110 -0.058660 0.074106 -0.021560 0.197865 -0.063407 -0.047114 0.006576
0.108301 -0.026952 0.176502 0.041208 0.221100 0.155302 -0.035726 0.055679 -0.189205 0.004761 -0.072844 0.050831 -0.072747 0.018369 0.078894 0.038209 0.043952 -0.040796 0.120833 0.041360
-0.003968 0.129164 -0.002537 0.007036 0.083370 -0.106638 0.204954 -0.060590 -0.038798 0.194034 -0.017402 0.050298 0.163102 -0.011838 0.035809 -0.011346 0.114402 -0.097045 -0.043448 -0.050193
0.110009 -0.021349 0.158777 0.060486 0.222125 0.103889 -0.046210 0.040550 -0.210195 0.004570 0.013697 0.024201 0.105674 0.068646 0.058910 0.029285 0.052472 -0.022798 0.089452 -0.062089
-0.002853 0.139675 -0.029823 -0.032822 0.096767 -0.103635 0.182222 -0.048493 -0.006377 0.173505 -0.024894 0.100392 0.160075 0.035353 0.013379 0.026781 0.020669 -0.114291 -0.030318 -0.066136
0.112860 -0.014335 0.129788 0.074889 0.202413 0.037151 -0.050571 0.023732 -0.206649 -0.005232 0.094584 0.020741 0.283557 0.101771 0.007307 -0.007078 0.003726 -0.010195 0.056817 -0.148720
-0.002448 0.148292 -0.052972 -0.066914 0.109442 -0.087284 0.153656 -0.019285 0.035231 0.137010 -0.027947 0.138114 0.123021 0.072173 -0.006930 0.067381 -0.045892 -0.088704 -0.007834 -0.042059
0.116515 -0.006651 0.092548 0.083612 0.169420 -0.034937 -0.034227 -0.013337 -0.169252 -0.031000 0.138375 0.041069 0.342205 0.101278 -0.041768 -0.018500 -0.086523 0.032839 0.013081 -0.148449
-0.002561 0.155115 -0.070867 -0.093346 0.120519 -0.061896 0.112679 0.042387 0.076054 0.093919 -0.035742 0.153214 0.072276 0.106660 -0.018874 0.107261 -0.071081 -0.035581 0.003668 -0.001681
0.120367 0.000878 0.050196 0.091930 0.133832 -0.103296 -0.016983 -0.034667 -0.105145 -0.056990 0.136392 0.109121 0.264345 0.046703 -0.047970 -0.007697 -0.201254 0.089574 -0.008655 -0.016898
-0.003143 0.159565 -0.083193 -0.110923 0.126286 -0.030295 0.065243 0.109935 0.119043 0.042493 -0.039854 0.121306 0.005298 0.152409 -0.056817 0.105611 -0.028700 -0.035053 0.012940 0.071436
0.122261 0.007780 0.002557 0.106713 0.104821 -0.126477 -0.001596 -0.020754 -0.018954 -0.080283 0.102083 0.197668 0.127787 -0.031167 -0.026699 0.031489 -0.216291 0.123120 -0.023251 0.075038
-0.003487 0.160306 -0.085447 -0.122644 0.118266 0.001705 0.053170 0.138135 0.134406 -0.006975 -0.043618 0.078532 -0.036084 0.175352 -0.066980 0.099655 0.038468 -0.073771 0.022501 0.088290
0.121768 0.013486 -0.043269 0.131438 0.090016 -0.100601 0.019700 -0.001428 0.084097 -0.096731 0.055004 0.274150 -0.005933 -0.118008 0.003527 0.061103 -0.163983 0.113320 -0.029372 0.099522
-0.004450 0.158309 -0.081673 -0.126695 0.105165 0.035586 0.064142 0.130625 0.119533 -0.062162 -0.073239 0.029388 -0.052199 0.172341 -0.051837 0.084101 0.057917 -0.124358 0.022726 0.044175
0.119455 0.017622 -0.084273 0.164536 0.084580 -0.034506 0.036475 -0.014255 0.159645 -0.099349 0.017424 0.297283 -0.099542 -0.161593 0.007365 0.065924 -0.088041 0.070768 -0.034712 0.109326
-0.005989 0.152806 -0.070216 -0.117214 0.088097 0.073150 0.104399 0.080955 0.071632 -0.119730 -0.100662 -0.035496 -0.061293 0.154444 -0.052049 0.060013 -0.023692 -0.143924 0.009811 0.007018
0.117158 0.021950 -0.121709 0.196251 0.076631 0.035398 0.045400 -0.040380 0.204881 -0.063580 0.011184 0.242880 -0.118944 -0.143084 -0.011769 0.024367 -0.025626 0.019238 -0.007445 0.104473
-0.007152 0.145508 -0.054210 -0.101998 0.063212 0.103603 0.147114 0.023299 0.010453 -0.148794 -0.104577 -0.100508 -0.026252 0.118463 -0.063117 0.030802 -0.111822 -0.113832 0.021020 0.013726
0.114877 0.026270 -0.152718 0.220197 0.068162 0.103057 0.035437 -0.041054 0.211342 -0.025742 0.018136 0.106201 -0.068850 -0.090777 -0.040213 -0.004894 0.026978 -0.012719 0.059043 0.069837
-0.007734 0.136236 -0.034214 -0.086704 0.030547 0.122091 0.177789 -0.015801 -0.037050 -0.176150 -0.083904 -0.157526 0.025995 0.088446 -0.068464 0.008091 -0.163107 -0.038482 0.042802 0.029996
0.113268 0.029798 -0.172409 0.224682 0.053893 0.158596 0.018134 -0.047438 0.186319 0.001579 0.049452 -0.058169 0.029322 -0.030105 -0.035108 -0.027880 0.078474 -0.012313 0.123267 0.008505
-0.007930 0.125755 -0.008615 -0.069677 -0.008489 0.124348 0.199586 -0.037114 -0.075989 -0.191862 -0.054490 -0.174818 0.069772 0.028532 -0.042368 0.022072 -0.161789 0.068237 0.060799 0.037860
0.112415 0.032152 -0.183205 0.210753 0.031377 0.194690 0.003452 -0.064768 0.147235 0.018495 0.076968 -0.162682 0.097213 0.014524 -0.019063 -0.022460 0.110345 0.004765 0.131236 -0.035884
-0.008091 0.114289 0.019972 -0.053380 -0.053385 0.113313 0.218389 -0.047644 -0.104301 -0.195508 -0.027834 -0.133293 0.072666 -0.048322 -0.002187 0.033233 -0.124004 0.154181 0.048149 0.060801
0.111639 0.033463 -0.188743 0.193124 0.006942 0.227443 -0.010192 -0.085099 0.085688 0.031587 0.076393 -0.184154 0.110105 0.067180 -0.007700 -0.009124 0.098399 0.007581 0.088649 -0.052247
-0.007978 0.102478 0.049669 -0.036827 -0.099241 0.095622 0.243545 -0.049986 -0.109377 -0.192242 0.005704 -0.062242 0.063959 -0.137927 0.045822 0.040533 -0.071225 0.221677 0.016554 0.082949
0.110684 0.033950 -0.190442 0.177124 -0.014150 0.265809 -0.016829 -0.099566 0.029058 0.052906 0.071669 -0.185379 0.111615 0.122936 -0.015080 -0.016822 0.074704 0.010201 0.052718 -0.043781
-0.007568 0.090027 0.078651 -0.020872 -0.142911 0.075164 0.274695 -0.050738 -0.096984 -0.192063 0.046126 0.003303 0.043843 -0.237101 0.091525 0.068463 -0.013884 0.282338 -0.011727 0.093236
0.115282 -0.025100 0.175740 -0.123348 0.041029 0.131378 0.033500 0.008133 0.191621 0.074668 0.042894 -0.046491 0.016624 -0.105655 -0.119817 0.061054 -0.033268 0.037469 -0.197216 -0.118973
-0.008369 0.085712 0.110561 0.156109 -0.031691 -0.072573 0.085965 0.040689 0.010338 0.133144 -0.109231 0.014013 -0.185554 0.274266 -0.039351 -0.205806 -0.087727 0.266255 0.110967 -0.022184
0.117491 -0.020102 0.149837 -0.142935 -0.010788 0.110148 -0.003654 -0.006722 0.203777 0.088152 0.077232 -0.075882 0.105667 -0.132907 0.014544 0.152625 -0.065598 -0.049652 -0.223303 -0.058007
-0.009188 0.079732 0.125223 0.164864 -0.055024 -0.055004 0.036011 0.040114 0.042682 0.131544 -0.066016 -0.043697 -0.115435 0.176400 -0.037037 0.024595 -0.072997 0.218751 0.046821 -0.074424
0.119722 -0.012172 0.111712 -0.146285 -0.052116 0.083196 -0.010460 -0.012927 0.190456 0.080835 0.063664 -0.041820 0.122645 -0.067466 0.169255 0.039035 -0.092213 -0.069147 -0.166382 0.042154
-0.009799 0.078245 0.130092 0.162445 -0.071108 -0.031423 -0.018568 0.047745 0.058104 0.104188 -0.045857 -0.076854 -0.053344 0.116243 0.035192 0.188431 -0.073790 0.137644 -0.013110 -0.076440
0.121939 -0.004261 0.072612 -0.142097 -0.084460 0.051025 0.004800 -0.019556 0.164833 0.078330 0.043887 -0.003333 0.109068 0.020792 0.282745 -0.151275 -0.113554 -0.051278 -0.079974 0.111484
-0.009892 0.079755 0.127146 0.148278 -0.083062 -0.015885 -0.053111 0.052414 0.075007 0.067625 -0.035369 -0.071253 -0.010000 0.102583 0.102435 0.244108 -0.065637 0.074063 -0.025622 -0.046211
0.124144 0.003152 0.036833 -0.131704 -0.107955 0.015563 0.017023 -0.030197 0.128885 0.076182 0.012341 0.034813 0.080022 0.107857 0.339562 -0.300493 -0.139713 -0.004844 0.012213 0.138148
-0.009433 0.083464 0.117888 0.126009 -0.091594 -0.007061 -0.063562 0.059496 0.084213 0.032522 -0.028668 -0.049533 0.027373 0.107247 0.187248 0.187581 -0.066235 0.010955 -0.019081 0.038167
0.125306 0.012292 -0.028106 -0.106824 -0.140117 0.011987 -0.010244 -0.000492 -0.106724 0.113436 0.008236 0.048358 -0.006498 -0.120500 -0.311469 0.314518 0.074581 0.071880 0.003878 -0.091405
-0.009524 0.082862 0.118067 0.101471 -0.121839 0.012666 -0.061822 0.064597 0.076170 -0.040293 -0.010245 0.007460 0.040946 0.092396 0.202285 0.186456 0.028060 -0.042183 0.006213 0.010910
0.124663 0.018616 -0.066192 -0.083816 -0.151263 0.041694 -0.005721 -0.007005 -0.144526 0.103402 -0.002611 0.099295 -0.024922 -0.028334 -0.271268 0.184915 0.084418 0.088359 -0.080968 -0.051010
-0.009855 0.079468 0.126145 0.093947 -0.146577 0.023283 -0.051561 0.056165 0.064078 -0.069024 0.015506 0.052392 0.038936 0.081782 0.136602 0.241435 0.084962 -0.017443 0.020145 -0.072627
0.123848 0.024832 -0.105869 -0.051565 -0.153011 0.071383 0.004097 -0.010852 -0.171346 0.094192 -0.010942 0.135625 -0.036466 0.076264 -0.181519 -0.001743 0.066734 0.091631 -0.156706 0.026167
-0.010086 0.077622 0.128062 0.081460 -0.162187 0.039050 -0.020324 0.056536 0.051035 -0.109523 0.031140 0.098308 0.032428 0.086548 0.083606 0.187350 0.129391 0.007685 0.012366 -0.110112
0.122783 0.031145 -0.143060 -0.008409 -0.145088 0.096646 -0.002165 -0.009874 -0.194548 0.090972 -0.032284 0.140294 -0.040223 0.171859 -0.052724 -0.152715 0.025047 0.075901 -0.198601 0.107891
-0.010453 0.079024 0.122397 0.064290 -0.165526 0.058728 0.030250 0.053887 0.029005 -0.144088 0.044272 0.177494 0.015910 0.141451 0.023644 -0.001593 0.191706 0.058239 -0.029455 -0.097654
0.120865 0.034615 -0.167416 0.044105 -0.121440 0.124623 -0.030911 -0.014180 -0.197349 0.098378 -0.045039 0.072588 -0.022775 0.174730 0.059917 -0.101208 -0.070599 -0.006927 -0.191852 0.122099
-0.010214 0.084754 0.106178 0.041389 -0.156806 0.070353 0.076189 0.050152 -0.000751 -0.163182 0.022238 0.271709 -0.011099 0.245951 0.025272 -0.254473 0.216848 0.093189 -0.088200 -0.012107
0.125362 0.008263 0.003029 -0.100803 -0.108130 -0.016338 0.001079 -0.002861 0.003935 0.064306 0.000928 0.037443 0.015894 -0.014267 0.013095 0.005753 0.002411 -0.004252 0.135351 0.011410
-0.009358 0.093327 0.091420 0.082199 -0.078695 0.004131 -0.057791 0.005367 0.009062 0.001087 0.051546 -0.031427 0.023987 -0.022914 -0.084142 0.005040 -0.032105 -0.087658 0.006649 0.069560
0.126529 0.008990 0.003680 -0.096043 -0.104143 -0.055735 0.002159 -0.000047 0.006014 0.046804 -0.003669 0.030228 0.016110 -0.019871 0.012406 0.002907 0.012797 -0.000538 0.200118 0.014970
-0.008758 0.102029 0.072398 0.063982 -0.059660 0.002087 -0.111720 0.029270 -0.000272 -0.001811 -0.024209 -0.038925 0.077825 -0.036816 -0.081255 0.019642 0.019402 -0.038657 -0.005508 0.148894
0.127922 0.009880 0.003947 -0.093442 -0.102788 -0.098906 0.002789 0.003058 0.006398 0.027691 -0.005912 0.022723 0.017440 -0.026600 0.012198 -0.003266 0.026818 0.004241 0.264732 0.022674
-0.008190 0.110527 0.053909 0.046589 -0.040727 0.000956 -0.168332 0.054476 -0.005047 -0.003939 -0.100868 -0.043008 0.133555 -0.047341 -0.073916 0.038845 0.063663 0.005356 -0.015097 0.223861
0.129362 0.010817 0.003903 -0.090508 -0.101148 -0.142764 0.002109 0.007310 0.007286 0.007877 -0.007307 0.015947 0.020582 -0.031516 0.014240 -0.012756 0.042345 0.003262 0.326442 0.032159
-0.007547 0.119175 0.034974 0.028226 -0.021280 -0.000261 -0.219842 0.080366 -0.006412 -0.008968 -0.176360 -0.043064 0.182293 -0.050937 -0.063427 0.050805 0.100082 0.044441 -0.020205 0.289804
0.124338 -0.000069 0.049186 -0.057798 -0.022116 -0.085235 0.009341 -0.070821 0.004548 0.012395 0.021280 -0.018108 -0.041994 -0.012245 -0.061248 0.063143 0.023428 0.005409 0.199300 0.020164
-0.006992 0.123300 0.018895 0.017708 0.010406 -0.022292 -0.117888 -0.026460 -0.007246 0.028701 -0.094246 -0.041148 0.071515 -0.055871 -0.053430 -0.031384 -0.025059 0.009782 -0.005684 0.130508
0.125496 0.004524 0.027947 -0.051188 -0.035291 -0.102495 0.009483 -0.038940 0.006760 0.007634 0.006933 -0.014173 -0.030417 -0.014197 -0.034892 0.022660 0.005990 0.006518 0.221016 0.023667
-0.006997 0.125021 0.014714 0.009284 0.008537 -0.009458 -0.133532 -0.004364 0.001878 0.008624 -0.111891 -0.033712 0.099317 -0.059040 -0.045471 -0.029527 0.010910 0.011418 -0.020533 0.153201
0.126532 0.009131 0.005564 -0.041096 -0.046468 -0.112624 0.001964 0.003142 0.011803 -0.001270 -0.014137 -0.016102 -0.011561 -0.016588 -0.002979 -0.006325 0.005787 0.011820 0.220372 0.023441
-0.006909 0.126323 0.011598 -0.001622 0.002847 -0.001234 -0.146113 0.019802 0.005819 -0.005489 -0.126383 -0.022814 0.121572 -0.062705 -0.044750 -0.024755 0.034505 0.006850 -0.019952 0.164956
0.126778 0.013166 -0.017180 -0.029792 -0.057004 -0.100885 -0.004077 0.043635 0.012270 -0.000039 -0.039798 -0.021851 0.002693 -0.016223 0.030305 -0.031141 0.005875 0.021970 0.199510 0.012333
-0.007186 0.124873 0.014298 -0.006064 -0.008615 0.008149 -0.133321 -0.007309 -0.000046 -0.018165 -0.098391 -0.006281 0.114082 -0.068571 -0.036580 -0.034741 0.033696 -0.006983 -0.010333 0.132644
0.126654 0.016571 -0.038038 -0.016085 -0.062159 -0.084348 -0.006313 0.074089 0.009100 0.001174 -0.056949 -0.029894 0.011033 -0.017526 0.059380 -0.059361 0.000487 0.016910 0.159443 -0.016963
-0.007741 0.123158 0.017448 -0.006732 -0.016244 0.020685 -0.118160 -0.025583 -0.007903 -0.030765 -0.074570 0.009804 0.100154 -0.075027 -0.037013 -0.049399 0.030922 -0.040139 -0.002288 0.089013
0.117611 -0.017528 0.135131 -0.101357 0.018230 0.078578 0.026917 -0.007445 0.162951 0.045541 0.015494 0.003715 0.024481 0.019938 -0.159116 -0.071631 0.056753 0.121614 -0.008463 -0.062848
-0.008606 0.092728 0.089872 0.118667 -0.021305 -0.046198 0.045715 -0.018436 -0.005566 0.129077 0.015167 -0.079391 -0.106010 -0.008818 -0.112645 -0.065470 -0.172663 -0.045805 0.009369 -0.000389
0.118968 -0.012584 0.110677 -0.106984 -0.011808 0.066986 0.017515 -0.002147 0.137543 0.059821 0.021093 -0.004403 0.038335 0.022210 -0.126090 -0.085530 0.038648 0.087567 -0.001550 -0.043270
-0.008898 0.089663 0.098063 0.120661 -0.040491 -0.037978 0.027098 0.005174 0.014567 0.120149 0.019761 -0.067993 -0.085315 -0.006334 -0.118564 -0.044528 -0.168339 -0.087238 0.020640 -0.035975
0.119647 -0.007114 0.081552 -0.097258 -0.027093 0.060757 0.003893 -0.017414 0.094846 0.057678 0.029247 -0.008778 0.030043 0.011234 -0.094806 -0.083450 0.025571 0.086882 -0.012602 -0.012668
-0.009018 0.089932 0.097303 0.111179 -0.050377 -0.025841 0.015697 0.010307 0.011625 0.094951 0.029416 -0.053198 -0.063581 -0.020375 -0.114299 -0.050474 -0.147587 -0.101379 0.010085 -0.022048
0.120272 -0.002733 0.055606 -0.078095 -0.028603 0.052555 0.007105 -0.006026 0.062901 0.061645 0.008975 -0.010479 0.007614 0.007377 -0.047674 -0.087669 -0.006840 0.056518 0.000459 0.010757
-0.008683 0.094715 0.085041 0.091129 -0.048576 -0.018071 0.002926 -0.012813 -0.020332 0.063634 0.042456 -0.047782 -0.042772 -0.035884 -0.089773 -0.080549 -0.125531 -0.092093 -0.000730 0.038594
0.119578 -0.007213 0.082354 -0.087269 -0.014922 0.050020 0.016955 -0.015568 0.096639 0.063969 0.014065 -0.013047 0.014479 0.022475 -0.094549 -0.096718 0.009651 0.096156 0.003549 -0.014557
-0.008659 0.095760 0.082803 0.095523 -0.036547 -0.028965 -0.000520 -0.040152 -0.030260 0.080568 0.040619 -0.060170 -0.067702 -0.036325 -0.102697 -0.075914 -0.156626 -0.091751 -0.002525 0.027030
0.118858 -0.013001 0.112176 -0.095193 0.002783 0.055922 0.031740 0.000854 0.143494 0.065133 0.006778 -0.010414 0.017450 0.027234 -0.128307 -0.082481 0.026034 0.097883 0.016842 -0.056083
-0.008641 0.095810 0.082949 0.104525 -0.025654 -0.038516 0.009332 -0.043943 -0.029596 0.102358 0.025648 -0.071347 -0.086830 -0.023215 -0.102865 -0.074524 -0.172886 -0.076665 0.001151 0.021953
0.121954 0.013885 -0.048275 -0.026881 -0.080965 0.047864 -0.003383 -0.004861 -0.055652 0.074525 -0.025887 0.000809 -0.030120 -0.020297 0.047083 0.109221 -0.035267 -0.040500 0.019984 -0.052940
-0.008909 0.094390 0.083923 0.054578 -0.090864 0.022721 -0.000442 -0.005165 -0.023525 -0.035884 0.073049 0.033104 0.003912 -0.055986 -0.070929 -0.089885 -0.031643 -0.157115 0.010815 0.015992
0.122432 0.018712 -0.075782 -0.024564 -0.100889 0.059148 -0.000998 0.007366 -0.083581 0.082541 -0.042812 0.035979 -0.026127 -0.013020 0.099956 0.080005 -0.067714 -0.080538 -0.004142 -0.030666
-0.009341 0.089182 0.095832 0.057807 -0.110817 0.031202 0.013345 0.020994 0.007049 -0.051020 0.076854 0.065591 0.000187 -0.055699 -0.088354 -0.050058 -0.002965 -0.208767 0.024514 -0.060151
0.122528 0.023688 -0.104351 -0.008119 -0.108346 0.065610 -0.011994 -0.008342 -0.126825 0.083048 -0.033551 0.033907 -0.035977 -0.023207 0.125863 0.075168 -0.082286 -0.083341 -0.018430 -0.011001
-0.009548 0.089087 0.095273 0.048265 -0.120802 0.043892 0.022572 0.017175 0.007020 -0.079842 0.086723 0.094502 0.004441 -0.048302 -0.076013 -0.059705 0.016694 -0.224012 0.029293 -0.075829
0.122181 0.027655 -0.127580 0.020510 -0.101961 0.077548 -0.021349 -0.004959 -0.151525 0.085472 -0.026855 0.017963 -0.035743 -0.017373 0.131735 0.069974 -0.120370 -0.100652 -0.027155 0.000754
-0.009322 0.091777 0.086768 0.030205 -0.120535 0.051771 0.037579 -0.006699 -0.015856 -0.108005 0.094336 0.110406 0.001585 -0.062673 -0.058980 -0.088935 0.039567 -0.203402 0.014782 -0.052688
0.122772 0.024115 -0.106434 0.005395 -0.097206 0.055175 -0.022751 -0.010638 -0.136438 0.086134 -0.032203 0.011873 -0.041289 -0.030918 0.115754 0.079191 -0.099528 -0.068956 -0.009713 0.004910
-0.009194 0.094839 0.080860 0.032722 -0.107231 0.043812 0.004378 -0.030733 -0.035800 -0.087548 0.092997 0.088266 -0.000046 -0.064219 -0.061664 -0.085883 0.004917 -0.207532 0.015571 -0.027625
0.122581 0.018978 -0.076860 -0.009903 -0.089036 0.046619 -0.011909 0.003889 -0.091221 0.084962 -0.041515 0.006998 -0.033002 -0.028928 0.088705 0.093334 -0.072867 -0.057976 0.008262 -0.021412
-0.009066 0.095327 0.080967 0.042152 -0.097111 0.033686 -0.004163 -0.031463 -0.036696 -0.062849 0.089201 0.059814 -0.003216 -0.064708 -0.071408 -0.091838 -0.015255 -0.196429 0.014257 -0.007691
0.119055 -0.005462 0.081826 0.002649 0.081262 -0.034431 -0.027942 -0.244576 -0.005028 -0.089185 0.081318 -0.084082 -0.120942 0.130810 -0.013988 0.081915 0.093744 -0.024797 -0.115667 0.060995
-0.005779 0.136283 -0.020728 -0.020919 0.068964 -0.035446 -0.028757 -0.165587 -0.007571 0.046792 0.034781 -0.013871 -0.148348 -0.018472 0.078750 0.024352 -0.092587 0.065683 -0.032243 -0.109062
0.122678 0.000610 0.052662 -0.018441 0.026660 -0.080119 -0.027939 -0.182911 -0.007616 -0.084723 0.003718 -0.065560 -0.068012 0.093586 -0.018431 0.018070 0.086748 -0.075083 -0.057835 0.056130
-0.006052 0.135536 -0.013564 -0.017536 0.048031 -0.023794 -0.106600 -0.127260 0.004125 0.022306 -0.095286 -0.005207 -0.037785 -0.025191 0.026937 -0.045020 -0.034454 0.093122 -0.031580 -0.103444
0.125110 0.005715 0.024462 -0.024249 -0.008273 -0.105754 -0.010035 -0.073213 -0.008301 -0.059845 0.007376 -0.067860 -0.040922 0.049640 -0.005783 -0.003144 0.084129 -0.061463 0.021001 0.040765
-0.006296 0.134560 -0.009042 -0.020170 0.032797 -0.011226 -0.137916 -0.081690 0.016910 -0.005886 -0.154620 0.011865 0.020986 -0.031564 0.000967 -0.063683 0.017552 0.102760 -0.029498 -0.093581
0.125857 0.008635 0.005487 -0.012080 -0.015500 -0.113697 0.000374 0.003742 -0.006208 -0.059570 -0.019777 -0.055976 -0.034639 0.009896 0.011343 -0.006676 0.061528 -0.043846 0.026187 -0.010812
-0.006230 0.135966 -0.012518 -0.029197 0.029009 -0.002418 -0.141646 -0.080545 0.018149 -0.020576 -0.157549 0.024675 0.024951 -0.038789 0.016029 -0.070633 0.028668 0.092061 -0.015782 -0.111620
0.126335 0.011729 -0.015734 -0.000662 -0.025447 -0.104923 0.007080 0.103074 0.001427 -0.062614 -0.063825 -0.048240 -0.020124 -0.026243 0.031744 -0.029362 0.057575 -0.033570 0.009399 -0.083760
-0.006522 0.134491 -0.009521 -0.033243 0.018593 0.007248 -0.137153 -0.082937 0.016781 -0.033652 -0.146567 0.035107 0.032432 -0.037528 0.007112 -0.072183 0.041984 0.076129 -0.005992 -0.115212
0.125228 0.015201 -0.044345 0.036878 -0.014479 -0.077200 0.025961 0.203317 -0.002748 -0.067775 -0.057074 -0.072818 -0.012280 -0.070581 0.024470 -0.061073 0.042485 -0.013477 -0.056381 -0.158252
-0.006722 0.135471 -0.014888 -0.049693 0.013892 0.023414 -0.106040 -0.128584 0.000663 -0.057020 -0.076490 0.054190 -0.007206 -0.042539 0.047789 -0.061962 0.033952 0.030319 0.019121 -0.155001
0.123406 0.018586 -0.072941 0.087419 0.008259 -0.035500 0.034451 0.265445 -0.001235 -0.066962 -0.114711 -0.098243 0.013290 -0.097472 -0.001212 -0.114091 -0.040512 -0.028790 -0.129262 -0.177714
-0.006514 0.135813 -0.022063 -0.070284 0.012279 0.037663 -0.032570 -0.164247 -0.015037 -0.075655 0.065418 0.072389 -0.095229 -0.049026 0.107441 -0.006386 0.016965 -0.028098 0.044791 -0.194020
0.124876 0.014924 -0.044728 0.064855 0.013745 -0.088912 0.024514 0.214580 -0.011110 -0.096274 -0.047574 -0.085712 -0.021165 -0.071225 0.016288 -0.040077 0.000911 0.005647 -0.140519 -0.120354
-0.005886 0.141898 -0.035088 -0.073930 0.037214 0.026797 -0.056095 0.034808 -0.037492 -0.024183 0.210881 0.011782 -0.077046 -0.043091 0.065698 -0.015658 0.052733 0.007236 0.034723 -0.059637
0.125779 0.011668 -0.016907 0.040020 0.015308 -0.125706 0.009866 0.110632 -0.007381 -0.106027 -0.035105 -0.061088 -0.026505 -0.017711 0.020919 -0.006439 -0.004043 -0.007359 -0.114857 -0.023929
-0.005221 0.145139 -0.041633 -0.071843 0.054025 0.011537 -0.075673 0.133232 -0.047972 0.013674 0.265260 -0.041962 -0.062409 -0.042874 0.050013 -0.007984 0.061682 0.046366 0.012449 0.026855
0.125280 0.008217 0.005942 0.026309 0.024079 -0.133566 0.003585 0.001840 -0.011601 -0.101765 0.003249 -0.063704 -0.034099 0.023877 -0.001421 0.010530 0.001304 -0.015491 -0.108337 0.040827
-0.004947 0.145796 -0.042784 -0.067025 0.062569 -0.001608 -0.079047 0.147899 -0.047644 0.033741 0.261655 -0.060211 -0.063972 -0.039236 0.046184 0.000308 0.048656 0.068278 0.001505 0.057250
0.124451 0.004936 0.026855 0.014898 0.034852 -0.128930 -0.003810 -0.083659 -0.011113 -0.101539 0.018078 -0.071502 -0.047542 0.066483 -0.024635 0.011328 0.014603 -0.034538 -0.109903 0.090357
-0.004829 0.145241 -0.041667 -0.060477 0.067955 -0.013729 -0.075622 0.136180 -0.045434 0.052466 0.255431 -0.070374 -0.077442 -0.033781 0.043215 0.007155 0.025909 0.080617 -0.006281 0.067350
0.122063 0.000009 0.054607 0.008924 0.057879 -0.094835 -0.022097 -0.202070 -0.006277 -0.113979 0.013441 -0.070923 -0.067036 0.110934 -0.027271 0.029258 0.036374 -0.051977 -0.147721 0.093445
-0.005015 0.142247 -0.034955 -0.046399 0.072275 -0.029454 -0.056864 0.041841 -0.032068 0.067100 0.182908 -0.061698 -0.112569 -0.029005 0.053419 0.018569 -0.031041 0.075545 -0.020002 0.025803
0.119735 -0.003371 0.069750 0.006825 0.072446 -0.041067 -0.024389 -0.248446 -0.016062 -0.094366 0.085293 -0.095155 -0.135488 0.129995 0.010344 0.083872 0.077249 -0.043602 -0.118176 0.063651
-0.005702 0.136799 -0.021195 -0.024094 0.064958 -0.029860 -0.044925 -0.136492 -0.008040 0.035725 0.018760 -0.018829 -0.122797 -0.030093 0.067157 0.018872 -0.070066 0.059692 -0.032149 -0.109069
0.124837 0.005425 0.025223 -0.012611 0.004827 -0.110741 -0.007880 -0.075174 -0.008835 -0.062965 0.014176 -0.070717 -0.043585 0.048311 -0.012143 0.004667 0.064796 -0.051061 0.001309 0.052025
-0.005932 0.137822 -0.019733 -0.032673 0.043378 -0.010041 -0.118370 -0.112690 0.011088 -0.006695 -0.119959 0.015163 -0.012939 -0.076198 0.028239 -0.029220 -0.027427 0.055102 -0.018526 -0.124942
0.125649 0.008420 0.005563 -0.001687 -0.004934 -0.116932 0.000082 0.002013 -0.007487 -0.063059 -0.016866 -0.057982 -0.036109 0.007609 0.007107 0.002306 0.044769 -0.034593 0.012316 -0.000923
-0.006013 0.138545 -0.021079 -0.038630 0.037935 -0.000498 -0.123877 -0.102774 0.010381 -0.021066 -0.126803 0.028894 0.000154 -0.078451 0.029377 -0.040467 -0.010503 0.044036 -0.008364 -0.137267
0.126112 0.011494 -0.016033 0.011617 -0.012975 -0.108882 0.006461 0.101935 -0.000683 -0.068833 -0.063312 -0.049054 -0.024595 -0.029589 0.026700 -0.021547 0.036475 -0.024351 -0.006583 -0.073661
-0.006217 0.137784 -0.019987 -0.044624 0.029955 0.010402 -0.118062 -0.114024 0.010966 -0.036778 -0.110022 0.037476 -0.002591 -0.080539 0.037412 -0.038490 0.005216 0.020751 0.007187 -0.153912
0.123411 0.016885 -0.061315 0.079336 0.011240 -0.040778 0.032305 0.267794 0.007787 -0.067465 -0.120590 -0.106590 0.025514 -0.089586 -0.018826 -0.110644 -0.010981 -0.009866 -0.150552 -0.192719
-0.006313 0.136366 -0.022192 -0.066700 0.016486 0.031101 -0.047152 -0.137199 -0.014649 -0.057971 0.050110 0.055675 -0.081305 -0.055721 0.095407 -0.005550 0.016770 -0.008648 0.041425 -0.176340
0.126048 0.011474 -0.016063 0.021499 -0.002999 -0.115689 0.009166 0.111654 -0.004607 -0.089480 -0.047146 -0.055675 -0.024661 -0.014972 0.022929 -0.016936 0.019860 -0.014307 -0.081521 -0.037674
-0.005813 0.139160 -0.026217 -0.055326 0.040599 0.010683 -0.065222 0.130701 -0.031743 0.003822 0.216162 -0.035655 -0.053325 -0.006932 0.010598 -0.049096 0.064841 0.067663 -0.015155 0.033270
0.125493 0.008330 0.005681 0.008616 0.005878 -0.123101 0.002500 0.004908 -0.012095 -0.088488 -0.005995 -0.058697 -0.032625 0.022524 -0.000726 0.004120 0.025528 -0.022504 -0.071174 0.029085
-0.005512 0.139930 -0.027387 -0.051253 0.047666 -0.002755 -0.070571 0.147035 -0.030384 0.024322 0.207669 -0.046758 -0.052362 -0.001671 0.008529 -0.045398 0.052089 0.089601 -0.010385 0.058866
0.124689 0.005304 0.025681 -0.002608 0.015746 -0.117514 -0.006169 -0.081431 -0.011700 -0.086727 0.016232 -0.069487 -0.042118 0.061263 -0.018081 0.009683 0.042259 -0.040511 -0.072903 0.074792
-0.005347 0.139279 -0.026071 -0.046053 0.052014 -0.014877 -0.064453 0.133810 -0.028337 0.047175 0.203353 -0.056743 -0.060424 0.000279 0.003312 -0.037219 0.030295 0.099137 -0.003562 0.069543
