168.089744 190.065985
168.886175 212.659121
172.079273 235.251044
177.285586 257.410911
186.091365 278.104603
199.433436 296.266808
215.645479 311.857798
234.166262 324.502411
256.058628 327.772804
277.527503 323.997751
296.085326 310.958705
312.392794 294.919257
325.664091 276.164461
333.968184 254.878400
337.899495 231.902539
339.713137 208.949895
339.743717 186.309501
183.608508 170.667285
194.621603 162.061542
208.797910 160.060597
223.308551 162.336482
237.077455 167.659725
266.767895 166.562144
281.186650 160.539491
295.565289 157.993217
309.762258 159.383437
320.957496 166.648614
252.783501 185.122074
253.079359 200.429361
253.344300 215.798371
253.600955 231.412565
237.522158 240.420321
245.472619 243.597761
253.913141 246.531138
262.566246 243.302890
270.274984 240.062903
201.173684 187.520705
209.625687 181.699666
220.872092 181.730228
229.753825 188.813437
220.114881 191.680965
209.328206 191.727376
276.375751 187.771503
284.803923 180.331625
295.899125 179.871347
304.639317 185.312741
297.235294 189.693436
286.736125 190.199303
222.202432 270.250264
233.947303 264.681824
245.898571 262.069643
254.019668 264.053112
263.223491 261.750279
275.734611 264.054765
287.644074 268.612114
276.762211 280.558000
264.789926 285.779673
254.896508 286.940668
245.885878 286.276132
233.951429 281.639230
227.204151 270.913441
246.024319 269.949482
254.287662 270.559404
263.627860 269.482468
282.505757 269.593121
263.896931 274.234101
254.417917 275.457640
246.003076 274.704898
